# Transit light curve
# generated: 2026-09-07T05:06:00.424352+00:00
# target_ra_deg: 289.43463
# target_dec_deg: 49.4734
# n_comparison_stars: 2
# time_system: BJD_TDB
# BJD_TDB  rel_flux  rel_flux_err
2461282.539267 6.708128 0.097933
2461282.539977 7.278300 0.114218
2461282.540686 4.909815 0.072557
2461282.541392 7.896273 0.129163
2461282.542099 7.324440 0.111949
2461282.542808 7.817490 0.123686
2461282.543516 8.658505 0.132313
2461282.544223 8.351599 0.137110
2461282.544936 8.511818 0.129501
2461282.545644 7.429536 0.119998
2461282.546352 10.001625 0.161094
2461282.547061 7.499402 0.116966
2461282.547773 7.422540 0.109646
2461282.548480 9.175012 0.140484
2461282.549188 8.406802 0.131592
2461282.549896 8.275607 0.123475
2461282.550604 6.908179 0.099396
2461282.551316 10.676037 0.178722
2461282.552024 8.919129 0.145331
2461282.552735 10.388480 0.174458
2461282.553443 10.618829 0.180026
2461282.554152 10.030549 0.163297
2461282.554866 7.752005 0.117219
2461282.555574 8.672397 0.138696
2461282.556269 8.141212 0.142506
2461282.556977 9.069587 0.138786
2461282.557685 9.048835 0.138033
2461282.558394 9.209711 0.144288
2461282.559106 9.299000 0.149873
2461282.559813 8.573036 0.134232
2461282.560527 8.900885 0.167677
2461282.561237 12.155144 0.222107
2461282.561949 8.029867 0.127040
2461282.562656 10.749404 0.188591
2461282.563363 8.439598 0.139201
2461282.570899 1.021377 0.009822
2461282.571607 1.057755 0.009966
2461282.572317 0.992672 0.010192
2461282.573027 1.041694 0.010027
2461282.573735 1.031479 0.009585
2461282.574442 1.017319 0.009597
2461282.575150 1.120863 0.010886
2461282.575857 1.085619 0.010409
2461282.576565 0.962850 0.009482
2461282.577274 0.990638 0.009491
2461282.577986 0.995509 0.009156
2461282.578693 1.006493 0.009325
2461282.579400 1.369841 0.012915
2461282.580107 1.024818 0.009566
2461282.580814 1.002602 0.009903
2461282.581526 1.018142 0.009860
2461282.582236 0.974655 0.009536
2461282.582945 1.077065 0.010020
2461282.583652 1.026622 0.009365
2461282.584360 0.949187 0.008786
2461282.585068 1.009621 0.009457
2461282.585779 0.946833 0.008920
2461282.586488 0.997682 0.009302
2461282.587196 1.016493 0.009630
2461282.587904 1.025834 0.009519
2461282.588611 0.973496 0.009204
2461282.589319 1.029371 0.009902
2461282.590027 0.974060 0.009094
2461282.590758 1.014649 0.010171
2461282.591465 1.040352 0.010338
2461282.592173 1.061954 0.009825
2461282.592882 1.054729 0.009972
2461282.593590 1.016904 0.009694
2461282.594298 0.914272 0.008558
2461282.595010 1.091185 0.010258
2461282.595720 1.006168 0.009483
2461282.596431 0.974842 0.009266
2461282.597139 0.959338 0.009042
2461282.597846 0.967873 0.009107
2461282.598553 0.953734 0.008834
2461282.599265 0.965554 0.009043
2461282.599973 0.955022 0.008855
2461282.600681 0.938593 0.008992
2461282.601391 0.997443 0.009134
2461282.602099 1.007945 0.009147
2461282.602807 1.004181 0.009739
2461282.603513 1.036289 0.009795
2461282.604222 1.065991 0.009615
2461282.604934 0.984177 0.009130
2461282.605643 1.003652 0.009232
2461282.606351 0.975383 0.009679
2461282.607061 1.001054 0.010056
2461282.607773 0.960000 0.009337
2461282.608484 1.018796 0.009973
2461282.609192 1.041515 0.009953
2461282.609898 0.958180 0.009401
2461282.610606 1.056528 0.010269
2461282.611317 0.974777 0.009687
2461282.612031 0.930978 0.008999
2461282.612740 0.968940 0.009165
2461282.613447 0.962288 0.009031
2461282.614158 0.989074 0.009228
2461282.614868 1.025744 0.010168
2461282.615577 1.074735 0.011004
2461282.616284 1.042856 0.010542
2461282.616996 1.035532 0.010388
2461282.617704 1.010285 0.010018
2461282.618413 1.004808 0.010171
2461282.619121 0.997581 0.010582
2461282.619832 1.029617 0.010491
2461282.620540 0.993220 0.009952
2461282.621249 1.000000 0.009943
2461282.621957 0.959554 0.009300
2461282.622668 1.021631 0.009513
2461282.623377 0.980831 0.009298
2461282.624085 0.963351 0.009166
2461282.624793 0.966455 0.009705
2461282.625502 0.977593 0.009731
2461282.626211 0.987803 0.009687
2461282.626920 1.035569 0.009602
2461282.627629 1.029836 0.009576
2461282.628337 0.981362 0.009527
2461282.629044 0.992233 0.009227
2461282.629751 0.969967 0.009428
2461282.630462 0.970676 0.009260
2461282.631170 0.987047 0.009381
2461282.631879 1.016325 0.009619
2461282.632587 0.967927 0.009535
2461282.633299 1.015671 0.009709
2461282.634010 0.976823 0.009481
2461282.634718 0.941889 0.008842
2461282.635426 0.958373 0.009051
2461282.636137 0.990492 0.009138
2461282.636846 0.975003 0.009064
2461282.637555 0.976187 0.008971
2461282.638264 1.001200 0.009739
2461282.638973 1.009476 0.010842
2461282.639681 0.957037 0.010001
2461282.640393 1.035068 0.011047
2461282.641102 0.944719 0.011306
2461282.641810 0.973703 0.011700
2461282.642519 1.003710 0.012389
2461282.643227 1.146484 0.014030
2461282.643936 0.930407 0.010734
2461282.644649 1.019276 0.011815
2461282.645357 1.010108 0.010368
2461282.646065 0.963315 0.009278
2461282.646773 1.015270 0.010361
2461282.647480 1.055841 0.010692
2461282.648190 0.391288 0.009372
2461282.648900 1.126077 0.011598
2461282.649607 1.046506 0.011651
2461282.650315 1.040231 0.011147
2461282.651023 0.989793 0.010356
2461282.651731 1.044740 0.010608
2461282.652438 0.980026 0.010845
2461282.653146 0.996205 0.010145
2461282.653856 1.081975 0.011082
2461282.654566 1.100661 0.012474
2461282.655273 0.988646 0.010208
2461282.655980 1.027843 0.010875
2461282.656688 0.983267 0.009497
2461282.657397 0.885329 0.008930
2461282.658107 0.825112 0.010513
2461282.658814 0.994547 0.010412
2461282.659521 0.974649 0.010693
2461282.660229 0.992875 0.010802
2461282.660937 0.997524 0.010560
2461282.661644 1.019217 0.009955
2461282.662352 0.922563 0.009224
2461282.663060 1.065212 0.011445
2461282.663771 0.986087 0.009438
2461282.664479 0.931683 0.009203
2461282.665188 0.961115 0.009068
2461282.665895 0.970310 0.009252
2461282.666604 0.998078 0.009517
2461282.667313 0.989604 0.009808
2461282.668023 1.121746 0.011481
2461282.668732 0.996294 0.010202
2461282.669441 0.998345 0.010977
2461282.670152 0.984047 0.009571
2461282.670861 0.969626 0.009427
2461282.671569 1.054171 0.010154
2461282.672277 1.039965 0.010249
2461282.672984 1.051419 0.011642
2461282.673694 0.934876 0.011656
2461282.674401 1.024248 0.010891
2461282.675111 0.960894 0.010205
2461282.675824 0.932571 0.012107
2461282.676533 0.962490 0.011697
2461282.677240 0.969469 0.010799
2461282.677948 0.985457 0.010843
2461282.678656 0.943406 0.010640
2461282.679367 0.975658 0.012322
2461282.680075 0.020123 0.003265
2461282.680784 0.948828 0.012755
2461282.681492 1.103297 0.013518
2461282.682200 0.404067 0.012411
2461282.682909 0.960582 0.015033
2461282.683618 1.037167 0.014559
2461282.684325 1.025076 0.011410
2461282.685033 0.995947 0.011874
2461282.685740 0.984384 0.011696
2461282.686449 0.859472 0.022663
2461282.687161 -1.216450 nan
2461282.687869 -0.008963 nan
2461282.688578 0.912789 0.021944
2461282.689288 0.875391 0.022439
2461282.689998 0.301340 0.015560
2461282.690706 0.580106 0.034358
2461282.691418 1.324178 0.030038
2461282.692124 1.120176 0.029128
2461282.692832 0.896894 0.020209
2461282.693541 0.740738 0.017826
2461282.694248 0.688151 0.034943
2461282.694958 0.538706 0.033101
2461282.695672 1.000548 0.033915
2461282.696379 0.987504 0.019990
2461282.697087 0.941265 0.016987
2461282.697797 1.097275 0.018724
2461282.698508 1.011756 0.020935
2461282.699217 0.680186 0.014580
2461282.699924 1.020628 0.015127
2461282.700636 1.053460 0.011617
2461282.701348 0.599568 0.017225
2461282.702057 0.772355 0.013317
2461282.702765 0.661695 0.011036
2461282.703472 0.635713 0.014607
2461282.704184 0.773642 0.017804
2461282.704891 0.444051 0.017191
2461282.705598 0.562149 0.021475
2461282.706305 0.495997 0.023832
2461282.707019 2.476189 0.109772
2461282.707725 0.154528 0.014212
2461282.708434 -0.008149 nan
2461282.709142 0.877826 0.022836
2461282.709851 -1.466730 nan
2461282.710562 0.113619 0.019722
2461282.711270 -0.627827 nan
2461282.711978 1.850830 0.053140
2461282.712686 1.857762 0.062548
2461282.713396 1.201175 nan
2461282.714106 1.817787 nan
2461282.714815 0.648233 0.020509
2461282.715523 0.756253 0.017945
2461282.484579 1.769653 nan
