# Transit light curve
# generated: 2026-09-28T20:27:30.280698+00:00
# target_ra_deg: 359.15201
# target_dec_deg: 36.21299
# n_comparison_stars: 5
# time_system: BJD_TDB
# BJD_TDB  rel_flux  rel_flux_err
2461307.500243 0.989503 0.003571
2461307.501056 0.990459 0.003555
2461307.501865 1.000267 0.003559
2461307.502675 0.987306 0.003540
2461307.503484 0.990030 0.003525
2461307.504295 0.993305 0.003489
2461307.505107 0.991314 0.003496
2461307.505912 0.987939 0.003498
2461307.506724 0.992486 0.003533
2461307.507532 0.985816 0.003499
2461307.508337 0.993127 0.003537
2461307.509145 0.992702 0.003576
2461307.509950 0.987041 0.003532
2461307.510764 0.977301 0.003504
2461307.511578 0.974817 0.003468
2461307.512381 0.983861 0.003578
2461307.513189 0.988415 0.003533
2461307.514000 0.981413 0.003535
2461307.514810 0.986244 0.003495
2461307.515618 0.970919 0.003484
2461307.516424 0.977287 0.003473
2461307.517235 0.976491 0.003568
2461307.518038 0.979184 0.003500
2461307.518841 0.974965 0.003446
2461307.519652 0.966497 0.003437
2461307.520457 0.978861 0.003474
2461307.521268 0.968408 0.003491
2461307.522081 0.974911 0.003440
2461307.522882 0.956611 0.003495
2461307.523688 0.975611 0.003454
2461307.524499 0.969675 0.003459
2461307.525311 0.974841 0.003434
2461307.526118 0.977280 0.003475
2461307.526928 0.980894 0.003459
2461307.527741 0.978108 0.003476
2461307.528546 0.973556 0.003430
2461307.529352 0.981433 0.003471
2461307.530165 0.978803 0.003466
2461307.530973 0.977907 0.003443
2461307.531776 0.975360 0.003465
2461307.532579 0.981511 0.003503
2461307.533394 0.973458 0.003474
2461307.534208 0.977453 0.003458
2461307.535022 0.980572 0.003545
2461307.535828 0.974500 0.003452
2461307.536633 0.974436 0.003479
2461307.537447 0.971019 0.003446
2461307.538253 0.979355 0.003455
2461307.539061 0.983227 0.003460
2461307.539874 0.972758 0.003418
2461307.540681 0.970613 0.003395
2461307.541494 0.982539 0.003474
2461307.542298 0.967163 0.003414
2461307.543102 0.980192 0.003455
2461307.543915 0.975459 0.003435
2461307.544727 0.982345 0.003462
2461307.545535 0.980049 0.003444
2461307.546346 0.977442 0.003433
2461307.547151 0.969868 0.003489
2461307.547967 0.970139 0.003438
2461307.548776 0.971013 0.003568
2461307.549592 0.975237 0.003456
2461307.550407 0.967872 0.003459
2461307.551208 0.968732 0.003422
2461307.552014 0.977223 0.003450
2461307.552823 0.976846 0.003463
2461307.553636 0.978684 0.003458
2461307.554443 0.975436 0.003430
2461307.555256 0.979021 0.003476
2461307.556069 0.969397 0.003443
2461307.556883 0.984302 0.003491
2461307.557692 0.977852 0.003463
2461307.558499 0.975556 0.003469
2461307.559315 0.974397 0.003508
2461307.560120 0.972281 0.003452
2461307.560937 0.965077 0.003464
2461307.561751 0.970233 0.003457
2461307.562557 0.971088 0.003495
2461307.563357 0.969562 0.003493
2461307.564169 0.973275 0.003503
2461307.564972 0.972357 0.003448
2461307.565780 0.970762 0.003451
2461307.566595 0.976727 0.003455
2461307.567406 0.971863 0.003457
2461307.568214 0.968026 0.003469
2461307.569024 0.969563 0.003443
2461307.569826 0.968872 0.003457
2461307.570633 0.974957 0.003451
2461307.571437 0.970727 0.003459
2461307.572251 0.978025 0.003443
2461307.573064 0.968973 0.003476
2461307.573871 0.974698 0.003453
2461307.574682 0.969768 0.003502
2461307.575497 0.983696 0.003480
2461307.576312 0.970156 0.003428
2461307.577126 0.984349 0.003483
2461307.577932 0.973517 0.003506
2461307.578740 0.974804 0.003449
2461307.579549 0.977151 0.003462
2461307.580363 0.971000 0.003433
2461307.581167 0.974748 0.003443
2461307.581981 0.977158 0.003446
2461307.582794 0.978144 0.003480
2461307.583599 0.980776 0.003487
2461307.584405 0.975921 0.003465
2461307.585214 0.976434 0.003467
2461307.586024 0.979673 0.003453
2461307.586832 0.970954 0.003443
2461307.587631 0.972270 0.003442
2461307.588439 0.970164 0.003440
2461307.589246 0.975435 0.003436
2461307.590052 0.974156 0.003437
2461307.590863 0.977837 0.003434
2461307.591666 0.969133 0.003426
2461307.592472 0.976102 0.003434
2461307.593285 0.977915 0.003449
2461307.594092 0.970820 0.003432
2461307.594901 0.973339 0.003455
2461307.595712 0.978388 0.003489
2461307.596519 0.973062 0.003435
2461307.597333 0.969527 0.003512
2461307.598143 0.971457 0.003446
2461307.598957 0.971589 0.003476
2461307.599760 0.980148 0.003486
2461307.600573 0.974145 0.003509
2461307.601385 0.977635 0.003540
2461307.602187 0.976911 0.003585
2461307.603001 0.976956 0.003582
2461307.603807 0.971101 0.003591
2461307.604622 0.985469 0.003601
2461307.605427 0.972146 0.003599
2461307.606239 0.984244 0.003651
2461307.607049 0.974458 0.003640
2461307.607862 0.977698 0.003691
2461307.608671 0.981182 0.003706
2461307.609483 0.986078 0.003759
2461307.610291 0.979576 0.003740
2461307.611102 0.972867 0.003759
2461307.611909 0.976122 0.003740
2461307.612719 0.976858 0.003762
2461307.613522 0.973458 0.003730
2461307.614336 0.977956 0.003709
2461307.615144 0.976114 0.003689
2461307.615954 0.973642 0.003630
2461307.616762 0.985496 0.003685
2461307.617575 0.976377 0.003692
2461307.618378 0.979970 0.003695
2461307.619183 0.973738 0.003701
2461307.619988 0.971466 0.003676
2461307.620800 0.980098 0.003726
2461307.621606 0.973387 0.003687
2461307.622413 0.981916 0.003686
2461307.623227 0.975287 0.003699
2461307.624032 0.978490 0.003669
2461307.624845 0.979917 0.003725
2461307.625659 0.977519 0.003762
2461307.626474 0.982094 0.003872
2461307.627281 0.993935 0.003948
2461307.628090 0.996095 0.004034
2461307.628892 0.990741 0.004028
2461307.629705 0.985241 0.004087
2461307.630508 0.982512 0.004077
2461307.631316 0.987784 0.004171
2461307.632124 0.985429 0.004184
2461307.632936 0.986639 0.004190
2461307.633752 0.987193 0.004252
2461307.634560 0.990586 0.004246
2461307.635367 0.985908 0.004319
2461307.636179 0.985849 0.004324
2461307.636994 0.990201 0.004333
2461307.637809 1.000646 0.004375
2461307.638621 0.992822 0.004403
2461307.639431 0.996245 0.004431
2461307.640241 0.990844 0.004502
2461307.641050 0.995157 0.004486
2461307.641860 0.993819 0.004553
2461307.642670 0.999636 0.004563
2461307.643479 0.992486 0.004643
2461307.644290 0.995025 0.004603
2461307.645096 0.995318 0.004650
2461307.645909 0.992224 0.004701
2461307.646722 1.000950 0.004723
2461307.647528 0.994645 0.004803
2461307.648342 0.997372 0.004810
2461307.649147 0.996945 0.004915
2461307.649960 0.996135 0.004866
2461307.650774 0.997145 0.004975
2461307.651577 0.995234 0.004927
2461307.652390 0.999281 0.005131
2461307.653195 0.999708 0.005034
2461307.654007 0.995600 0.005148
2461307.654819 1.005889 0.005182
2461307.655632 0.994101 0.005166
2461307.656445 1.009020 0.005229
2461307.657249 0.995157 0.005302
2461307.658058 1.003883 0.005370
2461307.658863 1.005412 0.005332
2461307.659676 1.007399 0.005435
2461307.660481 1.009182 0.005417
2461307.661294 1.005227 0.005463
2461307.662108 1.011653 0.005501
2461307.662912 1.002970 0.005493
2461307.663725 1.020451 0.005591
2461307.664538 1.002045 0.005554
2461307.665346 1.016514 0.005649
2461307.666151 1.003522 0.005640
2461307.666962 1.010623 0.005691
2461307.667767 1.005926 0.005801
2461307.668584 1.017618 0.005723
2461307.669391 0.999733 0.005804
2461307.670203 1.009681 0.005785
2461307.671002 1.003597 0.005860
2461307.671809 0.994307 0.005911
2461307.672611 1.015511 0.005964
2461307.673419 1.005994 0.006114
2461307.674228 1.006894 0.006028
2461307.675034 1.006261 0.006001
2461307.675844 1.011702 0.006055
2461307.676654 1.009866 0.006068
2461307.677465 1.005731 0.006188
2461307.678273 1.003651 0.006283
2461307.679084 1.007385 0.006118
2461307.679888 1.004176 0.006249
2461307.680702 1.013935 0.006259
2461307.681511 0.993093 0.006272
2461307.682323 1.007261 0.006319
2461307.683125 0.994738 0.006262
2461307.683933 1.005425 0.006378
2461307.684741 1.020150 0.006421
2461307.686360 1.005180 0.006400
