# Transit light curve
# generated: 2026-09-07T17:31:29.867840+00:00
# target_ra_deg: 298.39526
# target_dec_deg: 47.81501
# n_comparison_stars: 5
# time_system: BJD_TDB
# BJD_TDB  rel_flux  rel_flux_err
2461278.518141 1.002355 0.007224
2461278.518502 1.045337 0.007962
2461278.518863 1.014657 0.007338
2461278.519225 1.014413 0.007241
2461278.519589 1.026816 0.007264
2461278.519952 1.021177 0.007273
2461278.520317 1.017803 0.007276
2461278.520679 1.018198 0.007273
2461278.521043 1.003000 0.007171
2461278.521405 1.000587 0.007201
2461278.521768 1.012690 0.007236
2461278.522131 1.024090 0.007317
2461278.522494 1.029482 0.007504
2461278.522858 0.996307 0.007129
2461278.523221 1.015840 0.007232
2461278.523581 1.007059 0.007175
2461278.523943 0.996912 0.007209
2461278.524304 1.011037 0.007230
2461278.524664 1.035559 0.007361
2461278.525028 0.989864 0.007075
2461278.525389 1.006580 0.007193
2461278.525749 1.010547 0.007200
2461278.526111 1.015555 0.007226
2461278.526475 1.023219 0.007310
2461278.526838 1.006766 0.007185
2461278.527201 1.011229 0.007216
2461278.527562 1.031475 0.007379
2461278.527926 1.014121 0.007259
2461278.528286 1.003708 0.007203
2461278.528648 1.021658 0.007241
2461278.529012 0.993948 0.007124
2461278.529373 1.017525 0.007272
2461278.529735 1.011640 0.007263
2461278.530096 1.013339 0.007221
2461278.530457 1.015542 0.007234
2461278.530819 1.006391 0.007192
2461278.531182 0.991137 0.007115
2461278.531545 1.036664 0.007370
2461278.531909 0.985318 0.007080
2461278.532272 1.013514 0.007266
2461278.532632 0.984492 0.007068
2461278.532994 1.012225 0.007307
2461278.533354 1.011618 0.007223
2461278.533715 1.017709 0.007219
2461278.534079 0.978353 0.007024
2461278.534444 1.002376 0.007165
2461278.534808 1.017221 0.007241
2461278.535171 0.995730 0.007132
2461278.535531 1.012122 0.007187
2461278.535894 1.005543 0.007187
2461278.536257 0.999486 0.007171
2461278.536616 0.995567 0.007167
2461278.536978 1.007667 0.007213
2461278.537340 1.011124 0.007222
2461278.537702 1.019956 0.007260
2461278.538065 0.990962 0.007092
2461278.538427 0.994158 0.007099
2461278.538793 1.006659 0.007189
2461278.539154 1.020395 0.007250
2461278.539515 0.994049 0.007098
2461278.539878 1.008164 0.007153
2461278.540239 0.997881 0.007114
2461278.540603 1.001375 0.007151
2461278.540967 1.020168 0.007253
2461278.541331 0.985508 0.007078
2461278.541694 1.017991 0.007239
2461278.542055 0.992581 0.007122
2461278.542415 1.017949 0.007243
2461278.542778 1.006790 0.007151
2461278.543139 0.997350 0.007173
2461278.543499 0.983579 0.007066
2461278.543863 1.019597 0.007249
2461278.544225 1.009800 0.007219
2461278.544585 1.020409 0.007275
2461278.544947 1.015156 0.007250
2461278.545308 0.985920 0.007047
2461278.545668 0.999838 0.007125
2461278.546030 1.021611 0.007308
2461278.546391 0.993279 0.007119
2461278.546752 1.004521 0.007184
2461278.547116 0.981834 0.007012
2461278.547484 0.989977 0.007045
2461278.547849 0.992690 0.007103
2461278.548209 0.970170 0.006956
2461278.548570 0.984789 0.007021
2461278.548932 1.007740 0.007180
2461278.549292 0.970847 0.007000
2461278.549655 1.010791 0.007209
2461278.550017 0.986711 0.007072
2461278.550378 1.013159 0.007315
2461278.550738 0.979263 0.007082
2461278.551100 0.991605 0.007069
2461278.551462 1.000373 0.007190
2461278.551821 0.989615 0.007097
2461278.552186 0.990677 0.007055
2461278.552546 1.011493 0.007177
2461278.552907 1.014969 0.007287
2461278.553270 0.991520 0.007369
2461278.553634 0.980665 0.007202
2461278.553995 0.994974 0.007136
2461278.554355 0.979284 0.007016
2461278.554718 1.001920 0.007180
2461278.555078 1.000088 0.007168
2461278.555443 0.986473 0.007094
2461278.555807 1.005244 0.007182
2461278.556173 0.980895 0.007008
2461278.556537 0.986780 0.007065
2461278.556900 1.015035 0.007231
2461278.557261 1.030529 0.007335
2461278.557621 1.004282 0.007139
2461278.557982 0.997872 0.007088
2461278.558344 1.000041 0.007131
2461278.558705 1.004510 0.007149
2461278.559067 0.980689 0.006999
2461278.559419 0.990726 0.007060
2461278.559779 0.992789 0.007083
2461278.560144 0.998631 0.007129
2461278.560503 0.973640 0.006927
2461278.560865 1.008477 0.007145
2461278.561226 0.994130 0.007100
2461278.561597 0.999336 0.007066
2461278.561956 0.977580 0.006969
2461278.562317 1.020338 0.007270
2461278.562677 0.973112 0.006977
2461278.563039 0.988749 0.007066
2461278.563401 0.979379 0.006994
2461278.563763 0.990528 0.007047
2461278.564123 0.994522 0.007074
2461278.564486 0.979706 0.006996
2461278.564847 1.007999 0.007196
2461278.565208 0.996960 0.007079
2461278.565568 0.981048 0.007003
2461278.565933 0.991412 0.007048
2461278.566295 1.013417 0.007230
2461278.566654 0.998638 0.007114
2461278.567018 0.985367 0.007020
2461278.567380 1.002519 0.007123
2461278.567744 0.996241 0.007121
2461278.568104 0.995628 0.007080
2461278.568465 0.992999 0.007053
2461278.568826 1.000385 0.007120
2461278.569191 0.978804 0.006956
2461278.569553 0.997670 0.007142
2461278.569915 0.986007 0.006997
2461278.570277 0.995627 0.007062
2461278.570638 0.996112 0.007102
2461278.570998 0.989553 0.007054
2461278.571362 0.992876 0.007057
2461278.571724 1.012925 0.007162
2461278.572084 0.988376 0.007016
2461278.572444 0.999959 0.007115
2461278.572807 0.989328 0.007024
2461278.573170 0.985471 0.006981
2461278.573534 0.992206 0.007044
2461278.573894 0.987368 0.006977
2461278.574256 0.970164 0.006885
2461278.574618 1.003726 0.007103
2461278.574980 0.989668 0.007011
2461278.575343 0.980125 0.006971
2461278.575703 0.987714 0.007036
2461278.576066 0.997070 0.007101
2461278.576430 0.993637 0.007135
2461278.576790 0.984697 0.007016
2461278.577151 1.000823 0.007092
2461278.577514 0.999103 0.007131
2461278.577875 0.998309 0.007158
2461278.578239 0.994305 0.007110
2461278.578603 0.980116 0.006991
2461278.578964 0.988080 0.007066
2461278.579324 0.994497 0.007063
2461278.579685 0.998153 0.007150
2461278.580045 1.005672 0.007159
2461278.580406 0.996546 0.007098
2461278.580770 1.019682 0.007226
2461278.581130 0.977389 0.006971
2461278.581492 0.997662 0.007100
2461278.581854 0.999614 0.007086
2461278.582215 0.982339 0.007000
2461278.582579 0.973573 0.006971
2461278.582939 0.992624 0.007053
2461278.583302 0.982012 0.007015
2461278.583662 0.989760 0.007046
2461278.584024 1.003819 0.007123
2461278.584387 0.980836 0.006980
2461278.584750 0.999522 0.007142
2461278.585111 0.988729 0.007018
2461278.585475 0.972209 0.006928
2461278.585839 0.965977 0.006872
2461278.586201 1.002179 0.007106
2461278.586566 0.973869 0.006933
2461278.586928 0.988453 0.007010
2461278.587289 0.993849 0.007034
2461278.587653 0.983765 0.007011
2461278.588014 0.988799 0.006997
2461278.588376 1.001714 0.007071
2461278.588741 0.996316 0.007062
2461278.589104 0.989905 0.007002
2461278.589469 0.968163 0.006877
2461278.589831 0.976189 0.006951
2461278.590192 0.978281 0.006961
2461278.590558 1.010548 0.007116
2461278.590920 1.013698 0.007147
2461278.591284 0.986274 0.007025
2461278.591644 0.964835 0.006890
2461278.592006 0.984342 0.007011
2461278.592367 0.991757 0.007055
2461278.592730 0.975272 0.006918
2461278.593092 1.011699 0.007144
2461278.593452 0.989546 0.007028
2461278.593818 0.985408 0.006981
2461278.594178 0.983273 0.006964
2461278.594538 0.999001 0.007097
2461278.594899 0.979574 0.006975
2461278.595258 1.005058 0.007092
2461278.595620 0.991970 0.006998
2461278.595982 0.982979 0.006992
2461278.596322 0.994999 0.007030
2461278.596694 0.988374 0.006991
2461278.597058 1.001443 0.007111
2461278.597418 0.980189 0.006963
2461278.597789 1.002001 0.007104
2461278.598152 1.016405 0.007161
2461278.598514 0.978821 0.006927
2461278.598875 0.990419 0.007046
2461278.599236 0.985043 0.007042
2461278.599599 1.001175 0.007090
2461278.599964 0.986916 0.007009
2461278.600324 0.982151 0.006938
2461278.607379 1.007687 0.007092
2461278.607745 1.008860 0.007176
2461278.608107 1.001803 0.007059
2461278.608471 0.997356 0.007052
2461278.608835 0.979624 0.006897
2461278.609199 0.988709 0.007637
2461278.609561 0.987416 0.006980
2461278.609923 0.998004 0.007031
2461278.610285 1.018567 0.007138
2461278.610645 0.991646 0.007030
2461278.611010 1.003014 0.007082
2461278.611373 1.000261 0.007040
2461278.611735 1.003716 0.007056
2461278.612098 0.986034 0.006985
2461278.612458 0.998975 0.007038
2461278.612821 1.008051 0.007101
2461278.613185 0.971731 0.006869
2461278.613549 1.008465 0.007069
2461278.613913 1.002099 0.007056
2461278.614276 0.980467 0.006926
2461278.614639 1.014728 0.007118
2461278.615013 0.982938 0.006952
2461278.615377 0.998702 0.007053
2461278.615740 0.994928 0.007005
2461278.616101 1.004771 0.007109
2461278.616462 1.002328 0.007074
2461278.616824 0.999121 0.007041
2461278.617187 0.983731 0.006970
2461278.617549 1.019022 0.007131
2461278.617911 1.015054 0.007130
2461278.618274 0.988942 0.006984
2461278.618636 1.020270 0.007167
2461278.619000 0.989823 0.006972
2461278.619362 1.025043 0.007214
2461278.619722 0.988431 0.006992
2461278.620083 0.988191 0.006997
2461278.620445 0.990135 0.007048
2461278.620807 0.999926 0.007105
2461278.621172 1.011746 0.007129
2461278.621533 1.007301 0.007095
2461278.621893 0.996387 0.007040
2461278.622258 1.016917 0.007194
2461278.622618 1.012729 0.007131
2461278.622980 0.994711 0.007098
2461278.623343 1.004342 0.007079
2461278.623705 0.990769 0.007011
2461278.624070 1.003283 0.007134
2461278.624434 0.997078 0.007118
2461278.624793 1.019232 0.007172
2461278.625154 0.993495 0.007055
2461278.625515 1.000134 0.007100
2461278.625878 0.993378 0.007022
2461278.626241 1.007463 0.007100
2461278.626606 1.028745 0.007257
2461278.626965 1.026785 0.007196
2461278.627328 1.022093 0.007200
2461278.627691 0.994129 0.007016
2461278.628055 1.009224 0.007191
2461278.628416 1.010323 0.007156
2461278.628779 1.029647 0.007209
2461278.629143 1.010808 0.007135
2461278.629504 0.999804 0.007009
2461278.629867 1.025918 0.007203
2461278.630231 0.994044 0.006998
2461278.630593 1.022653 0.007183
2461278.630956 1.013553 0.007089
2461278.631317 0.992949 0.007002
2461278.631678 1.019847 0.007161
2461278.632038 0.996597 0.007021
2461278.632400 0.982793 0.006952
2461278.632761 1.016735 0.007124
2461278.633123 1.009684 0.007130
2461278.633483 0.993538 0.006998
2461278.633843 1.038630 0.007265
2461278.634207 1.011147 0.007114
2461278.634570 1.025569 0.007177
2461278.634930 1.014362 0.007118
2461278.635293 1.015187 0.007132
2461278.635654 0.987327 0.006980
2461278.636020 1.016086 0.007150
2461278.636382 1.009157 0.007085
2461278.636745 1.021569 0.007191
2461278.637107 0.920394 0.007331
2461278.637470 1.023871 0.007191
2461278.637831 1.013201 0.007123
2461278.638196 0.983589 0.006982
2461278.638557 1.014006 0.007143
2461278.638922 1.015973 0.007130
2461278.639281 1.002510 0.007096
2461278.639640 0.999476 0.007061
2461278.640003 1.002685 0.007096
2461278.640365 1.013806 0.007137
2461278.640725 1.016515 0.007148
2461278.641089 1.013748 0.007145
2461278.641452 1.013077 0.007114
2461278.641812 1.003771 0.007080
2461278.642175 1.015336 0.007164
2461278.642535 1.005294 0.007163
2461278.642895 1.019263 0.007206
2461278.643259 1.006346 0.007107
2461278.643621 1.002890 0.007086
2461278.643985 1.031818 0.007245
2461278.644347 1.017859 0.007223
2461278.644709 1.015750 0.007157
2461278.645072 1.021163 0.007236
2461278.645433 1.018520 0.007151
2461278.645794 1.028841 0.007229
2461278.646156 0.999784 0.007079
2461278.646517 0.999476 0.007048
2461278.646880 1.028728 0.007246
2461278.647242 1.009901 0.007180
2461278.647603 1.028033 0.007249
2461278.647965 1.012604 0.007130
2461278.648330 1.008791 0.007139
2461278.648694 0.996073 0.007096
2461278.649058 1.011725 0.007159
2461278.649418 1.015039 0.007177
2461278.649778 0.987442 0.007005
2461278.650142 1.023325 0.007294
2461278.650502 0.990436 0.007067
2461278.650863 0.989561 0.007031
2461278.651224 1.001407 0.007078
2461278.651585 1.032129 0.007307
2461278.651945 1.000396 0.007150
2461278.652311 0.998894 0.007084
2461278.652672 0.993212 0.006994
2461278.653033 1.014263 0.007162
2461278.653396 1.012767 0.007128
2461278.653759 1.021688 0.007184
2461278.654120 1.005525 0.007090
2461278.654481 1.002396 0.007069
2461278.654842 1.012570 0.007133
