# Transit light curve
# generated: 2026-09-28T07:06:43.118490+00:00
# target_ra_deg: 314.269
# target_dec_deg: 31.661
# n_comparison_stars: 5
# time_system: BJD_TDB
# BJD_TDB  rel_flux  rel_flux_err
2461298.513515 1.015125 0.001130
2461298.514908 1.010474 0.001128
2461298.516304 1.008039 0.001121
2461298.517699 1.014865 0.001126
2461298.519099 1.012695 0.001125
2461298.520495 1.011022 0.001122
2461298.521890 1.012215 0.001122
2461298.523284 1.014988 0.001125
2461298.524678 1.016085 0.001126
2461298.526073 1.015521 0.001128
2461298.527467 1.014419 0.001125
2461298.528861 1.012950 0.001124
2461298.530255 1.010853 0.001124
2461298.531650 1.010366 0.001123
2461298.533044 1.010410 0.001123
2461298.534438 1.012801 0.001126
2461298.535832 1.010426 0.001122
2461298.537227 1.008847 0.001121
2461298.538621 1.011936 0.001123
2461298.540016 1.006418 0.001118
2461298.541411 1.007274 0.001117
2461298.542806 1.008875 0.001118
2461298.544201 1.009077 0.001119
2461298.545595 1.009815 0.001119
2461298.546990 1.010709 0.001119
2461298.548385 1.009612 0.001118
2461298.549779 1.009824 0.001119
2461298.551174 1.012634 0.001120
2461298.552568 1.007339 0.001114
2461298.553962 1.011810 0.001119
2461298.555356 1.010295 0.001117
2461298.556751 1.007977 0.001114
2461298.558146 1.007753 0.001115
2461298.559540 1.008107 0.001115
2461298.560935 1.007347 0.001115
2461298.562328 1.004500 0.001113
2461298.563722 1.000783 0.001109
2461298.565117 0.997421 0.001106
2461298.566511 0.999633 0.001107
2461298.567905 0.998731 0.001106
2461298.569300 0.996070 0.001104
2461298.570694 1.000000 0.001108
2461298.572088 0.999046 0.001108
2461298.573482 0.997425 0.001104
2461298.574877 0.999293 0.001108
2461298.576271 0.998714 0.001109
2461298.577665 0.997715 0.001111
2461298.579058 0.994972 0.001105
2461298.580453 0.996767 0.001106
2461298.581848 0.996943 0.001104
2461298.583242 0.998830 0.001104
2461298.584636 0.996383 0.001102
2461298.586030 1.000092 0.001104
2461298.587424 0.995498 0.001100
2461298.588819 0.999659 0.001104
2461298.590215 0.993740 0.001098
2461298.591609 0.993846 0.001099
2461298.593003 0.994399 0.001101
2461298.594397 0.996776 0.001104
2461298.595791 0.994039 0.001101
2461298.600017 0.988928 0.001094
2461298.601412 0.990979 0.001099
2461298.602807 0.987453 0.001093
2461298.604201 0.990014 0.001098
2461298.605597 0.987336 0.001095
2461298.606991 0.990397 0.001099
2461298.608385 0.990050 0.001095
2461298.609780 0.988535 0.001095
2461298.611174 0.990085 0.001097
2461298.612568 0.986971 0.001092
2461298.613963 0.984639 0.001090
2461298.615357 0.986912 0.001092
2461298.616751 0.989193 0.001094
2461298.618146 0.989608 0.001096
2461298.619540 0.987536 0.001093
2461298.620934 0.989786 0.001095
2461298.622328 0.991412 0.001097
2461298.623723 0.989583 0.001095
2461298.625118 0.992170 0.001099
2461298.626512 0.988884 0.001095
2461298.627906 0.986828 0.001092
2461298.629300 0.989577 0.001096
2461298.630694 0.989311 0.001097
2461298.632089 0.991499 0.001098
2461298.633483 0.995923 0.001102
2461298.634877 0.988840 0.001095
2461298.636271 0.993319 0.001100
2461298.637665 0.991011 0.001098
2461298.639060 0.988535 0.001097
2461298.640454 0.991680 0.001100
2461298.641849 0.990755 0.001099
2461298.643244 0.991452 0.001099
2461298.644638 0.988549 0.001096
2461298.646032 0.989944 0.001097
2461298.647426 0.993850 0.001101
2461298.648821 0.993164 0.001100
2461298.650216 0.993114 0.001102
2461298.651610 0.991762 0.001099
2461298.653004 1.001135 0.001108
2461298.654398 0.999588 0.001106
2461298.655793 0.995842 0.001102
2461298.657188 1.000997 0.001109
2461298.658583 1.002206 0.001109
2461298.659977 0.998032 0.001105
2461298.661372 1.004510 0.001113
2461298.662767 1.001867 0.001108
2461298.664162 1.002958 0.001110
2461298.665556 0.999240 0.001106
2461298.666951 1.004401 0.001112
2461298.668345 1.003227 0.001111
2461298.669741 0.999156 0.001108
2461298.671135 1.001006 0.001109
2461298.672530 0.999670 0.001108
2461298.673926 1.001720 0.001110
2461298.675322 1.003460 0.001112
2461298.676717 1.004809 0.001115
2461298.678112 0.998271 0.001110
2461298.679506 0.997020 0.001109
2461298.680900 1.001786 0.001115
2461298.682295 1.000536 0.001113
2461298.683692 1.001806 0.001113
2461298.685089 1.002317 0.001113
2461298.686484 1.000959 0.001112
2461298.687880 0.996631 0.001107
2461298.689274 1.004922 0.001115
2461298.690669 1.000171 0.001110
2461298.692064 1.002262 0.001113
2461298.693458 1.001838 0.001114
2461298.694853 1.000125 0.001111
2461298.696247 0.999238 0.001111
2461298.697642 1.001083 0.001113
2461298.699036 1.005692 0.001118
2461298.700431 1.001780 0.001114
2461298.701825 1.004408 0.001116
2461298.703220 1.001970 0.001116
2461298.704614 1.003817 0.001119
2461298.706008 1.003109 0.001118
2461298.707403 1.002210 0.001117
2461298.708797 1.003649 0.001119
2461298.710191 0.998768 0.001115
2461298.711586 0.998702 0.001115
2461298.712981 1.004361 0.001121
2461298.714375 1.003280 0.001121
2461298.715769 1.003949 0.001123
2461298.717163 0.995617 0.001117
2461298.718558 1.002468 0.001124
2461298.719952 0.997247 0.001119
2461298.721346 1.002070 0.001123
2461298.722740 0.997624 0.001120
