# Transit light curve
# generated: 2026-09-28T20:21:30.169498+00:00
# target_ra_deg: 359.793
# target_dec_deg: 39.3143
# n_comparison_stars: 5
# time_system: BJD_TDB
# BJD_TDB  rel_flux  rel_flux_err
2461299.623914 1.002953 0.001751
2461299.625309 1.004828 0.001758
2461299.626703 1.002297 0.001755
2461299.628097 1.000068 0.001752
2461299.629492 1.001489 0.001752
2461299.630888 1.002504 0.001756
2461299.632283 1.002755 0.001754
2461299.633677 1.000583 0.001754
2461299.635072 1.003198 0.001756
2461299.636466 0.994379 0.001749
2461299.637861 0.997593 0.001754
2461299.639255 0.999652 0.001757
2461299.640649 1.003037 0.001765
2461299.643438 0.998231 0.001754
2461299.644833 1.000491 0.001757
2461299.646227 1.002835 0.001763
2461299.647622 0.996365 0.001755
2461299.649017 0.996536 0.001757
2461299.651806 0.990802 0.001747
2461299.653201 0.991645 0.001745
2461299.654596 0.999246 0.001762
2461299.655991 1.004333 0.001766
2461299.657385 0.992022 0.001743
2461299.658780 0.997801 0.001752
2461299.660173 0.999626 0.001749
2461299.661568 1.000557 0.001756
2461299.662963 0.987513 0.001746
2461299.664357 0.996748 0.001752
2461299.665752 0.990332 0.001752
2461299.667146 0.996516 0.001748
2461299.668540 0.995371 0.001745
2461299.669935 0.998669 0.001744
2461299.671329 0.998875 0.001760
2461299.672723 0.991474 0.001744
2461299.674118 0.994226 0.001749
2461299.675512 0.992555 0.001746
2461299.676906 0.993605 0.001748
2461299.678301 0.984023 0.001745
2461299.679694 0.985636 0.001746
2461299.681088 0.991956 0.001766
2461299.682483 0.992657 0.001769
2461299.683878 0.994129 0.001770
2461299.685272 0.986378 0.001749
2461299.686666 0.980011 0.001739
2461299.688060 0.984273 0.001747
2461299.689456 0.983220 0.001737
2461299.690850 0.984053 0.001732
2461299.692244 0.984955 0.001733
2461299.693638 0.981615 0.001723
2461299.695034 0.984259 0.001726
2461299.696428 0.979612 0.001721
2461299.697823 0.979110 0.001720
2461299.699217 0.977302 0.001720
2461299.700611 0.976621 0.001718
2461299.702006 0.980318 0.001720
2461299.703401 0.985680 0.001729
2461299.704795 0.984163 0.001728
2461299.706189 0.984013 0.001731
2461299.707584 0.981582 0.001729
2461299.708978 0.978626 0.001733
2461299.710372 0.983217 0.001735
2461299.711767 0.980988 0.001731
2461299.713162 0.975807 0.001726
2461299.714557 0.977111 0.001721
2461299.715952 0.980859 0.001717
2461299.717346 0.976586 0.001722
2461299.718741 0.984246 0.001731
2461299.720135 0.976578 0.001717
2461299.724065 0.976142 0.001750
2461299.729644 0.990398 0.002097
2461299.732432 0.986755 0.001961
2461299.735221 0.979401 0.001754
2461299.736616 0.991372 0.001732
2461299.738010 0.983700 0.001720
2461299.739404 0.982686 0.001716
2461299.740799 0.983448 0.001712
2461299.742193 0.986487 0.001715
2461299.743588 0.995699 0.001728
2461299.744982 0.989745 0.001721
2461299.746376 0.984664 0.001717
2461299.747771 0.989641 0.001719
2461299.749165 0.988987 0.001721
2461299.750560 0.985343 0.001713
2461299.751954 0.986082 0.001712
2461299.753348 0.993569 0.001723
2461299.754742 0.994455 0.001721
2461299.756136 0.995699 0.001721
2461299.757530 1.002951 0.001731
2461299.758925 1.002172 0.001730
2461299.760319 0.995687 0.001727
2461299.761713 1.002143 0.001745
2461299.763107 0.998543 0.001734
2461299.765896 1.006093 0.001745
2461299.767291 1.005928 0.001748
2461299.768686 1.002875 0.001740
2461299.770080 0.997872 0.001736
2461299.771474 1.005859 0.001745
2461299.772869 0.996681 0.001736
2461299.774263 1.002648 0.001746
2461299.775657 1.002900 0.001747
2461299.777051 0.999932 0.001739
2461299.778445 1.004364 0.001744
2461299.779840 1.002251 0.001745
2461299.781235 0.994976 0.001735
2461299.782629 1.003209 0.001750
2461299.784024 1.001190 0.001745
2461299.785418 0.998160 0.001743
2461299.786813 0.994180 0.001734
2461299.788207 1.000893 0.001745
2461299.789601 0.992785 0.001733
2461299.790996 1.000472 0.001739
2461299.792390 1.003923 0.001744
2461299.793785 0.998277 0.001743
2461299.795179 0.994332 0.001740
2461299.796573 1.002474 0.001756
2461299.797967 1.001297 0.001765
2461299.799361 1.001155 0.001766
2461299.800755 1.004454 0.001773
2461299.802149 1.004946 0.001769
2461299.803543 0.997413 0.001757
2461299.804938 0.992318 0.001751
2461299.806331 1.000365 0.001757
