# Transit light curve
# generated: 2026-09-26T20:44:51.694962+00:00
# target_ra_deg: 359.15201
# target_dec_deg: 36.21299
# n_comparison_stars: 3
# time_system: BJD_TDB
# BJD_TDB  rel_flux  rel_flux_err
2461307.500243 0.997654 0.003425
2461307.501056 1.004077 0.003443
2461307.501865 1.007336 0.003429
2461307.502675 0.999119 0.003421
2461307.503484 1.000769 0.003415
2461307.504295 1.001291 0.003384
2461307.505107 1.004623 0.003406
2461307.505912 0.999811 0.003400
2461307.506724 1.004351 0.003423
2461307.507532 0.998718 0.003402
2461307.508337 1.004006 0.003418
2461307.509145 1.004871 0.003444
2461307.509950 0.994892 0.003396
2461307.510764 0.991478 0.003382
2461307.511578 0.987320 0.003365
2461307.512381 0.997822 0.003437
2461307.513189 1.000176 0.003417
2461307.514000 0.996120 0.003415
2461307.514810 0.997397 0.003381
2461307.515618 0.983134 0.003361
2461307.516424 0.990788 0.003370
2461307.517235 0.990197 0.003429
2461307.518038 0.994522 0.003399
2461307.518841 0.985417 0.003343
2461307.519652 0.981391 0.003341
2461307.520457 0.990414 0.003367
2461307.521268 0.982581 0.003363
2461307.522081 0.986963 0.003343
2461307.522882 0.976656 0.003355
2461307.523688 0.989870 0.003357
2461307.524499 0.983403 0.003348
2461307.525311 0.988375 0.003350
2461307.526118 0.991141 0.003364
2461307.526928 0.993982 0.003364
2461307.527741 0.991658 0.003370
2461307.528546 0.983684 0.003328
2461307.529352 0.997303 0.003385
2461307.530165 0.992970 0.003374
2461307.530973 0.989186 0.003346
2461307.531776 0.997311 0.003395
2461307.532579 0.998879 0.003404
2461307.533394 0.992887 0.003379
2461307.534208 0.994358 0.003376
2461307.535022 0.999131 0.003429
2461307.535828 0.988713 0.003361
2461307.536633 0.988350 0.003360
2461307.537447 0.990528 0.003366
2461307.538253 0.993149 0.003360
2461307.539061 0.999959 0.003379
2461307.539874 0.992276 0.003356
2461307.540681 0.982927 0.003310
2461307.541494 0.994943 0.003369
2461307.542298 0.987549 0.003347
2461307.543102 0.998391 0.003380
2461307.543915 0.992251 0.003352
2461307.544727 1.000578 0.003387
2461307.545535 0.997944 0.003370
2461307.546346 0.994474 0.003360
2461307.547151 0.994366 0.003392
2461307.547967 0.986333 0.003355
2461307.548776 0.991314 0.003442
2461307.549592 0.991548 0.003370
2461307.550407 0.989370 0.003375
2461307.551208 0.989154 0.003354
2461307.552014 0.994898 0.003373
2461307.552823 0.994657 0.003383
2461307.553636 0.995787 0.003375
2461307.554443 0.991558 0.003355
2461307.555256 0.998961 0.003399
2461307.556069 0.990790 0.003371
2461307.556883 1.006762 0.003425
2461307.557692 0.997472 0.003391
2461307.558499 0.993466 0.003386
2461307.559315 0.992940 0.003405
2461307.560120 0.993353 0.003385
2461307.560937 0.984975 0.003370
2461307.561751 0.991946 0.003386
2461307.562557 0.993007 0.003400
2461307.563357 0.994957 0.003420
2461307.564169 0.992660 0.003403
2461307.564972 0.993385 0.003381
2461307.565780 0.986866 0.003360
2461307.566595 0.998700 0.003394
2461307.567406 0.997300 0.003403
2461307.568214 0.988586 0.003391
2461307.569024 0.989764 0.003375
2461307.569826 0.988081 0.003379
2461307.570633 0.996416 0.003388
2461307.571437 0.992894 0.003386
2461307.572251 0.997598 0.003376
2461307.573064 0.987539 0.003372
2461307.573871 0.994055 0.003377
2461307.574682 0.991703 0.003403
2461307.575497 1.001496 0.003397
2461307.576312 0.989884 0.003355
2461307.577126 1.004267 0.003405
2461307.577932 0.995568 0.003410
2461307.578740 0.997263 0.003386
2461307.579549 0.997983 0.003386
2461307.580363 0.989721 0.003355
2461307.581167 0.994022 0.003367
2461307.581981 0.994616 0.003365
2461307.582794 0.999287 0.003401
2461307.583599 1.000451 0.003398
2461307.584405 0.995840 0.003385
2461307.585214 0.997708 0.003386
2461307.586024 0.998824 0.003384
2461307.586832 0.992927 0.003366
2461307.587631 0.994979 0.003372
2461307.588439 0.990320 0.003366
2461307.589246 0.995719 0.003373
2461307.590052 0.999055 0.003395
2461307.590863 0.997928 0.003374
2461307.591666 0.990512 0.003361
2461307.592472 0.995244 0.003370
2461307.593285 0.998774 0.003383
2461307.594092 0.987623 0.003353
2461307.594901 0.994094 0.003380
2461307.595712 0.999582 0.003412
2461307.596519 0.996514 0.003387
2461307.597333 0.994232 0.003419
2461307.598143 0.990273 0.003372
2461307.598957 0.994496 0.003402
2461307.599760 0.999148 0.003413
2461307.600573 0.998764 0.003449
2461307.601385 1.001728 0.003488
2461307.602187 0.997482 0.003515
2461307.603001 0.999482 0.003523
2461307.603807 0.991928 0.003514
2461307.604622 1.005786 0.003535
2461307.605427 0.994824 0.003525
2461307.606239 1.010724 0.003603
2461307.607049 1.000869 0.003585
2461307.607862 1.002672 0.003623
2461307.608671 1.005496 0.003649
2461307.609483 1.014344 0.003704
2461307.610291 1.002508 0.003671
2461307.611102 1.001871 0.003681
2461307.611909 1.000041 0.003670
2461307.612719 1.007150 0.003704
2461307.613522 1.001164 0.003669
2461307.614336 1.006256 0.003652
2461307.615144 1.003034 0.003626
2461307.615954 0.998719 0.003568
2461307.616762 1.013519 0.003637
2461307.617575 1.005391 0.003635
2461307.618378 1.001799 0.003619
2461307.619183 0.997655 0.003615
2461307.619988 0.995343 0.003605
2461307.620800 1.006675 0.003661
2461307.621606 0.999901 0.003613
2461307.622413 1.007511 0.003634
2461307.623227 1.002513 0.003632
2461307.624032 1.004081 0.003618
2461307.624845 1.007713 0.003668
2461307.625659 1.003189 0.003714
2461307.626474 1.004983 0.003802
2461307.627281 1.019881 0.003896
2461307.628090 1.023391 0.003967
2461307.628892 1.014366 0.003969
2461307.629705 1.012144 0.004018
2461307.630508 1.012970 0.004043
2461307.631316 1.021533 0.004122
2461307.632124 1.010921 0.004095
2461307.632936 1.011295 0.004108
2461307.633752 1.013570 0.004154
2461307.634560 1.016677 0.004178
2461307.635367 1.019734 0.004238
2461307.636179 1.009064 0.004221
2461307.636994 1.014829 0.004240
2461307.637809 1.021459 0.004274
2461307.638621 1.012164 0.004276
2461307.639431 1.019150 0.004321
2461307.640241 1.019468 0.004384
2461307.641050 1.015452 0.004362
2461307.641860 1.017533 0.004410
2461307.642670 1.017933 0.004422
2461307.643479 1.021572 0.004507
2461307.644290 1.020206 0.004494
2461307.645096 1.018982 0.004518
2461307.645909 1.020843 0.004569
2461307.646722 1.022440 0.004587
2461307.647528 1.019301 0.004644
2461307.648342 1.019569 0.004658
2461307.649147 1.025676 0.004744
2461307.649960 1.019358 0.004721
2461307.650774 1.024592 0.004826
2461307.651577 1.017656 0.004795
2461307.652390 1.026932 0.004946
2461307.653195 1.016066 0.004859
2461307.654007 1.025218 0.004986
2461307.654819 1.030421 0.005035
2461307.655632 1.015754 0.004986
2461307.656445 1.030309 0.005083
2461307.657249 1.021866 0.005121
2461307.658058 1.022235 0.005151
2461307.658863 1.036617 0.005213
2461307.659676 1.038336 0.005273
2461307.660481 1.030880 0.005233
2461307.661294 1.027372 0.005272
2461307.662108 1.027536 0.005277
2461307.662912 1.029318 0.005313
2461307.663725 1.037415 0.005400
2461307.664538 1.031891 0.005397
2461307.665346 1.038245 0.005462
2461307.666151 1.031607 0.005479
2461307.666962 1.031731 0.005512
2461307.667767 1.024797 0.005539
2461307.668584 1.037062 0.005552
2461307.669391 1.027726 0.005603
2461307.670203 1.033945 0.005618
2461307.671002 1.027501 0.005643
2461307.671809 1.014075 0.005659
2461307.672611 1.039784 0.005762
2461307.673419 1.030543 0.005831
2461307.674228 1.027846 0.005776
2461307.675034 1.024930 0.005765
2461307.675844 1.035029 0.005850
2461307.676654 1.030666 0.005842
2461307.677465 1.024086 0.005909
2461307.678273 1.028820 0.005993
2461307.679084 1.020843 0.005861
2461307.679888 1.028092 0.005987
2461307.680702 1.041013 0.006058
2461307.681511 1.017348 0.006016
2461307.682323 1.030785 0.006095
2461307.683125 1.021418 0.006061
2461307.683933 1.025884 0.006115
2461307.684741 1.045403 0.006218
2461307.685547 1.027675 0.006159
2461307.686360 1.017213 0.006110
2461307.687172 1.044512 0.006301
2461307.687979 1.017843 0.006165
2461307.688788 1.046020 0.006346
2461307.689600 1.041277 0.006334
2461307.690407 1.025470 0.006281
2461307.691209 1.037441 0.006309
2461307.692021 1.020094 0.006266
